55570313	570353
89375045	136648
85533233	43604
57439161	51935
15686712	49243
78331464	292570
2423940	254875
32756852	65835
23111640	94181
96143693	97375
2500545	3918401
69721094	326698
99735243	548544
46147602	319068
46773631	208389
55180279	257306
54736160	1874144
78663833	282002
64940932	859365
67768720	69381
57999838	141341
76977486	107281
94642400	243525
25866738	344090
51018842	315912
11446382	245634
51546510	320983
36570736	59633
23062491	711235
3144615	672199
36555363	99416
97259699	71675
36701948	80033
65547393	113024
9510824	94680
87877109	81946
57539137	119855
84954285	94918
82781827	73802
78983994	63215
82400506	142929
43012103	153097
69112320	182435
67052053	111859
18027173	82040
20598977	85534
74930042	91978
56612857	81237
82700723	83374
27453048	173731
67575317	79159
16153054	74137
90306296	68569
57756383	75180
62777532	287008
7021223	100199
55150717	83874
26345256	80381
90178493	79391
17652867	78451
95605921	70942
63403959	62108
10806171	54813
73484082	78534
55518701	72760
93265097	80013
78151517	74170
73097548	63642
44244701	71436
25150729	238050
5955333	90383
17329426	160153
31891753	203587
33267186	179486
38582545	83723
94892368	71466
33621000	72702
72597977	86808
50636642	81589
37647046	364571
90609745	88329
87099046	73742
20498392	77512
50990302	74873
66069658	74811
41790486	68593
98230400	70228
54164058	75776
52771760	80284
80240688	92889
90145603	66370
39907563	74100
76956187	62736
13100865	74317
21242533	287977
27629083	232432
94599817	152184
33268396	184557
85585282	169148
36686396	165683
58665398	716622
96117202	67371
48841148	52728
54223017	56312
33493000	590210
13827114	625866
30126020	161738
75096259	199998
74007357	83542
97764480	224975
91806400	198353
47708770	427425
23139045	500407
44137180	255854
81463831	589563
38148865	262556
55884717	236787
57251474	2364493
93996719	92646
33945184	69506
17972451	65832
78016154	54760
78893808	59868
11807838	391979
25198239	60882
18053705	110714
34610377	124886
81978812	63373
54940793	73760
70309890	239498
26400086	567594
43742111	1367853
73221133	90209
61634654	80523
55032567	82200
28658027	94348
81001214	77062
49384447	90368
26740771	70548
34185160	62989
53042884	74578
81271477	70084
1495846	72880
99312140	67493
31623935	73780
82196628	80470
28772509	87905
22635626	75089
57146157	75521
86252115	414431
42985190	129800
54886848	773428
79040255	348242
63719193	323391
11445331	290264
55239178	284708
65616142	56388
86201587	48645
49541405	84794
72747115	962569
29734459	126240
75995243	3380171
87389176	700965
50950490	143677
23794693	866308
34345719	728542
74704726	807419
43826345	3354179
49965660	3697250
9812691	4380513
15175909	371352
40621356	8314563
39855758	64325
99169256	69202
20110200	54237
93034079	55689
1467635	109707
64118258	93268
35819107	88523
43956891	1189041
73004224	208047
49175883	140482
65889921	105379
27468072	91225
70771041	95293
66642867	89654
4356091	117598
37259317	90671
49254541	95764
86012404	93786
70638846	94542
95415668	93148
60927009	100886
54215683	83630
88009157	110285
27888006	83222
14156482	75309
28202914	120391
757145	102310
71109420	88471
80794166	609389
84251018	52280
27345452	47552
384234	678188
95227149	64075
64353466	548773
62313989	289920
63294084	347888
93680704	257096
76700424	1498368
7891049	2602614
65244498	319064
69817502	221032
86339202	276163
44435651	176167
94868037	244112
5047599	908650
71091295	252634
39094030	294027
98366170	310808
26865442	1145609
52158452	176683
86181641	58859
8408487	171641
74634791	625090
94796374	200462
79547253	180280
3779301	49417
39902358	1948958
74181606	120223
20701914	119589
23999919	507834
73262271	170774
92425926	306524
2328674	444032
39569172	387229
82139999	285031
73939038	259247
9811298	561036
35980886	5061510
34291294	900693
71802665	84823
76600552	74223
5405866	452860
91241891	73199
28391075	67061
21643374	75798
78090536	86098
17705341	67155
31120371	79751
229622	67130
87085546	51518
16909135	58908
96877761	83184
82360731	74460
12801219	76120
18328413	68524
9154110	72454
72421829	85757
53254762	68444
49668540	60881
68652548	123879
24768493	196056
31062290	162094
61851773	450987
83801134	266565
63965990	267918
52019487	266872
6325984	206136
5807647	216448
4070599	130741
58854699	80027
28444899	60815
32090208	64476
50536987	517003
48161518	973543
91858110	123741
91505863	2570479
60106866	2138336
29974582	200360
77743418	76563
91172417	1030473
7735401	202084
69606705	179941
76562870	276894
20478091	155051
46392519	525437
83041562	457342
32153707	289470
89680631	351108
26214305	747978
63957508	630978
18599575	1076180
78900318	1170293
71023703	856468
35702658	136474
42309036	541106
88114415	522585
80724937	148351
98778386	209043
86173261	265255
20701604	55406
71426314	59440
93617619	76050
83264277	93778
17213513	1552135
89439770	189138
50797763	169492
5000876	157452
97959984	155285
6032412	192072
20618207	1786385
23807187	182624
36422786	530321
45648295	249586
78252148	315462
13566310	297993
64493182	474303
4775539	840764
76939457	135965
83093440	438719
58578118	87110
1451970	71363
17937953	70098
16324424	70912
45438771	745694
73582106	134161
95051979	80255
21903513	134456
13517327	185137
7024312	661444
43676543	159335
84056576	679126
82639874	149503
9327584	300912
66914975	289360
82956673	403927
48766034	576479
84265326	1836317
33075182	83813
59363795	70182
29759530	72740
70281101	65505
78420005	71777
74886623	66549
18403860	79832
18899740	72936
6552944	71234
74599867	47980
53121348	73286
38151593	147345
10497317	207591
84631254	491876
30499798	596995
31508511	77173
15635207	69470
36023323	82741
90638874	77396
43461783	76453
16212165	121052
65285325	100608
13343269	78530
63146453	68377
90702200	53109
64554661	61811
2979257	352746
96285295	82559
59662886	5200839
50445721	59663
51704665	145190
41078265	1619780
57371068	931897
64654409	594717
96692115	555526
95759571	363840
76177619	923267
72102282	224360
78059559	71793
3942850	2956131
92573010	2159145
93752426	1494013
88513476	139688
95571520	336656
20156540	318942
7602268	460211
51383431	1359615
56905564	65618
47804230	157941
92715909	266951
98908810	380628
62115361	233666
93033097	387056
31011264	216842
65517514	2588092
48947116	2069465
41197611	244493
86829924	162441
36660685	498885
40475230	1353872
18736321	464301
34554937	292878
46804679	195700
45494302	136611
58961290	8759768
69550400	345445
81787490	347817
18429651	201457
8738743	76562
35127386	166280
72369214	151412
96485706	139603
52498851	115099
71441553	94768
39259895	103309
18325044	76246
53755466	87350
38860768	107031
82110523	82835
15928382	77852
85645960	82608
56710577	78666
26677183	75133
94114870	73971
14654865	89484
78800093	94007
71410146	80667
83837104	2882924
47177592	589185
27016328	1805288
99340115	96161
43138637	85651
20176042	82278
10269524	80966
83915352	80975
15301571	85784
49859470	75999
26839165	66923
87761192	59850
26917303	57926
11999371	68207
15900997	3402320
20842688	872959
50092722	2172275
21868235	833554
32568853	12073353
21583714	127106
60623681	64545
93020049	65162
43753547	73177
13713511	68451
70693493	65035
18179905	60140
32025178	62802
17111351	61623
38543004	74830
19374940	78958
4291078	78761
43321884	47407
24226906	52646
96153901	121125
9710625	79837
50423922	94703
5000664	72389
52185589	82648
95595647	80441
27777940	89032
27981852	75757
75124460	87300
81754879	82443
72714911	90109
48463255	76242
28761539	1347469
81767600	74586
74135767	66824
57164018	58913
21649482	255644
32253358	822899
15003990	1816070
59591718	2076251
78534191	12602222
78991194	81961
10476577	78534
16509569	73810
38790764	62405
8004394	61421
54021345	74750
54259430	73083
19939568	68837
88594057	76602
74925023	73509
18866080	60870
72470639	64982
32552095	68864
88147757	74626
88625904	64732
27469797	64780
30686841	93179
27063607	73257
59181974	73090
51511112	71379
1473844	546847
54613041	73235
4682980	58014
99248334	232028
9773276	294539
31115315	1131991
29445078	156369
67992184	1012570
62555050	947982
6849603	3334683
45186100	222140
85436834	607090
31461657	222943
99458751	199899
13008174	79286
49158789	110043
19346968	50896
97943673	54178
37832071	118501
92484786	762502
56346726	72949
83367411	66072
86155945	73213
11275183	255534
60813321	231892
87779865	216813
26991235	265182
83299857	258097
98232457	197621
50363450	335580
65972509	262923
66347585	279448
48696096	2716882
49497716	105735
44357436	93014
25414935	82153
47432271	96962
52212901	101435
6565346	83611
85574672	66334
81676268	78407
44489731	65178
5737644	63964
23148905	70820
62879379	74896
70797690	70296
4610707	66360
88102979	65938
48347100	65265
54967823	66954
10509172	62444
28968346	61698
40137281	75754
94815380	62526
32277772	214053
48224348	71647
76097583	53309
71552773	356525
57296389	85992
43766575	485456
21701760	438434
49515478	1459530
52430597	80321
5214489	70502
98447932	91427
18578224	86584
66985624	152337
95951190	143267
12235847	122972
60425424	92395
76426591	108203
2806627	99816
78151698	98993
19598940	87622
45519455	195454
76146225	79761
15184278	77811
22488494	145800
98293729	162153
52161864	80120
44151985	74109
18558418	76334
79675826	80163
64689175	64662
26333696	73722
29447767	77702
66086418	73418
37138108	78522
50831476	81721
23914389	77155
67728427	71628
68092305	74999
8259041	75546
9606812	66406
18356538	70394
41611993	65223
13942839	57466
13097633	76913
34293665	189053
34893269	217932
73875180	1162524
6970489	170569
63789707	47317
52673200	417754
38750214	458487
4717668	386928
88730421	455064
12779322	223273
28679573	277099
6720940	165233
51730184	490978
28604486	108038
80263871	69989
23377388	64505
55894946	184805
61710745	301890
75782741	218736
57272939	123250
83927807	480959
87321943	211297
10344573	92648
26227955	298271
13512885	221630
12649681	157465
28266695	562828
84681375	99141
73274452	78717
42083464	478168
86117213	744663
6164827	194622
73034420	144666
59302323	87127
15124081	57786
30508282	95919
75916258	321331
17610942	494901
68043571	203471
45021385	302430
43238176	446299
97714747	509722
20002588	94677
47385951	65081
55736252	55221
72130589	286039
86718714	63195
32245023	71170
67899537	69513
42774324	86857
2434308	75925
76088707	65732
39590859	114483
99853836	337747
86113456	153717
28974353	302128
77715253	360029
82787892	845340
30728707	528712
27107583	530080
71768615	203617
69325009	248664
52824190	599632
7425025	85590
16969647	84336
19567606	79552
20773916	79376
70100914	63405
68497169	83057
16719978	70810
52159375	71583
93355559	91471
94257253	68065
86100980	76977
94098669	67853
80207255	70540
22403454	65332
9415908	74429
33605460	75812
69431563	76547
45103115	64480
28721303	57918
90648515	58611
88504517	69354
49660814	1552035
61544704	651754
92054635	611115
11769889	101209
73787898	276541
81848495	87517
2980838	150023
77625985	90098
68493992	112824
2286949	88515
82734561	81433
8343391	153903
24867880	108560
14069607	5588086
21692975	6426406
44663240	1186188
60238276	655578
56526858	488203
19970713	1808921
40949590	81826
34879832	296749
38979783	58549
28530599	73368
71618738	515231
29295125	64415
42932456	138180
13648552	163254
85649237	192965
81939629	5083936
23980927	115037
41526968	458839
99455901	327871
2448090	146158
44315959	116642
11756146	623096
1179825	178001
42240982	616695
53544514	85627
40574722	118410
86634137	501880
17097096	229034
81892972	313113
90590072	2572244
45039479	7094406
34441039	875266
98642492	735512
37550200	272411
23188013	162616
5252155	184705
31211233	219030
50274474	295676
24237728	65351
61756002	75159
40172946	64121
79489242	64134
72836920	52132
30669954	596926
22045447	91468
9474601	1789862
8436892	2736909
22249314	224648
7356020	1509576
90962534	147481
92955924	1725916
65962532	149136923
76305436	109097
73188202	88731
54746051	208972
45198343	182627
20850803	79910
55034216	84881
880729	88047
73437708	89139
96959735	98832
55530302	84158
96524316	120232
10497405	654275
33164841	83406
89097417	81581
31335968	78205
71891217	92685
3324880	92292
7411902	92879
61102674	93590
83729954	687856
91637973	116319
74652107	73462
18767422	73571
2628653	84447
35361507	68807
88309980	59741
14816447	69890
15803734	57165
50457399	69106
20160554	70931
93297241	65749
23890207	67103
32216534	71499
42083244	63739
27578533	65040
85164474	62952
25139716	66717
97233353	57865
48487997	65284
22263790	73566
55150385	74845
82373374	70679
33752643	68166
96714704	74711
7623386	72881
74538496	72106
36225607	59174
90968235	51124
9332026	56028
68273179	55444
25852160	50223
26126376	50275
96049988	52017
2029800	68200
9663193	74490
37312021	49364
95456052	70240
44610721	395194
8175887	614626
84767325	286956
38628573	2161126
29365973	171173
53925225	779880
35057973	851093
85292588	108727
32646759	395547
87505893	109891
80333910	96978
77652153	79823
41222237	88758
68296891	76034
51505399	76928
26233186	82858
45223498	14157027
73372307	114130
93152135	104024
3983924	529993
17867329	102528
96287849	98778
50942920	10402560
20891431	57209
29827438	51695
77700451	56653
17050809	56794
80404114	50453
17805098	61268
96947512	64319
23397933	1809613
8173609	5450312
86603697	319556
19772894	63463
65159356	54466
11665025	55796
25715874	1854409
37304704	2072181
94627628	248251
16560593	156667
90208991	938197
56638515	2688342
46923378	90855
9029056	63464
36841050	69564
49016919	124079
32058066	86681
21285824	86673
19911271	69060
16871366	133106
49174598	77621
25505226	81721
40936821	72051
90751125	69690
57626472	73959
80839132	79959
15696065	88755
79551084	81137
42861219	87827
22761353	90405
84400655	77848
10548271	71720
18651506	73620
71580319	81356
43054729	77114
8322541	71253
45905402	79395
81110049	75772
68057905	196905
30858080	73910
68734459	75476
20088126	80378
7146780	61341
84254842	72418
39226544	67056
59227301	63150
17403483	69037
19797412	64063
40546930	92239
58914370	70348
61283410	2583095
31145919	903962
53965580	972303
88714108	482239
4744755	1185980
65769318	92836
43459835	69200
38892876	70827
26985223	70208
87144603	77160
79600627	64870
4518604	76649
32344955	73361
21627727	69429
19152731	79594
23316068	76686
98060619	146732
32567809	284847
34653339	82758
36145749	303769
98068056	245454
95990726	421365
17701573	369817
81415545	72202
24263455	67516
19279522	70192
24750804	73500
25906893	67190
18248908	73120
51206234	71085
92004975	62797
51705761	417263
95817653	80131
27937768	113450
80886147	413759
55890083	497155
47601740	235922
20130624	403418
66225617	259671
48709912	326980
7768336	244303
87356232	266818
80537487	215664
75429522	245035
39460758	331144
3687154	87742
241042	93159
41744358	92242
96494963	94822
21201611	92536
31168636	81073
91426080	68720
27984683	72115
51315372	75297
50149733	71690
3289201	71339
48053665	74489
50969797	73846
6368073	102043
98076675	64893
97269168	73387
77224041	70256
72198477	3174656
8260572	986092
92585629	106612
59447821	88677
73395693	149619
81221084	100760
94857892	93504
10211811	112429
32910540	91847
10471613	84571
32019893	107715
34478350	215986
16907531	134824
10821300	101806
80842604	88805
78919531	85265
65459397	87968
16333591	91267
45682509	70915
90053479	3398974
57218879	176728
64407048	91532
83859207	62642
49860795	62602
77703118	63277
67863668	64525
41646842	81998
76603801	94869
26919156	66411
95305568	75672
43035314	73338
24772784	75351
48124783	71496
28772020	84255
39221607	67239
58968063	72504
369624	64356
40775458	79361
48046104	72896
72521742	105578
90181074	128829
94577470	85844
35375383	451456
66165684	214074
33466919	2870203
98086056	45023
89283736	1387856
35433103	1229536
80772835	264624
83514854	1149929
93656679	792441
96625043	452080
68604962	333678
11926476	88071
12242397	1059933
98446953	692469
87520469	491581
11032295	779505
51617145	849641
12091592	1536566
19440100	566073
9417709	14668079
71472211	528024
31536565	488790
41183273	665335
83457104	161476
25434193	325872
75181153	1046061
81560178	254243
27245125	274516
32716153	198233
20355564	614649
48485292	1156183
27668666	1080967
85481026	320285
38851544	1188876
58000125	77187
15056049	935713
7488975	393581
36047356	44645
18343237	359921
92639106	555321
38363481	266719
9283179	1532016
43208308	440661
35814148	446948
63656293	690450
17308920	480656
4144850	234406
70493059	207069
93006763	291573
47180354	805649
23785862	1225985
39589732	542124
75315736	298318
9312720	1344972
34708165	133410
85715345	99253
74396746	93797
50655687	92321
28058274	82604
4309137	1160338
51283382	78019
92215437	72032
99688911	73110
83810646	76162
18190919	404508
89901234	332462
51341559	85333
90405220	78422
25050606	75222
58210424	68360
67036704	70542
45219493	58849
93090911	57336
726721	71075
44116621	392595
22239158	76044
16082831	72599
12195098	65470
32747734	70646
79041688	63695
40163226	146620
29818556	96866
57006137	94867
21726696	84191
66806492	78540
16904644	71231
37493474	110906
65046649	99543
52194892	76805
96947899	83508
47818848	80641
57100346	80476
76720782	78731
49815271	102679
59493740	69968
97950197	81157
33989038	68360
78111124	64244
80991854	56904
99789270	77273
80872615	61898
68099171	58915
95282950	59759
43195645	60537
12662134	58173
64264737	61246
54897888	85003
10447077	66099
85149434	62780
31089467	66164
30328803	72092
2935689	69583
86594476	579470
4934012	803333
30212421	535313
72627651	593086
74009926	324810
37380081	375342
50938018	366325
9689055	430113
79366966	119403
96081524	153356
74586475	411152
40140680	680167
46449311	963749
33189583	268483
40643345	676416
5632557	2705748
62375692	289090
25675226	62652
75016246	2599219
87920397	244058
34625780	54540
47280917	807394
46879952	481980
81664914	278832
2040384	559304
47134077	225587
6565239	159163
35425245	609083
44753133	799955
40470693	1077166
28362879	533719
98214248	620479
31587581	790954
4028388	565526
84910730	328011
48260812	58680
80797185	173009
80186882	1969532
59663925	107014
62343183	62324
74433745	128352
81470106	74597
57630049	69832
78390381	76304
33719775	1088330
49771325	352045
66044435	93289
99140098	77945
91726975	70698
29662850	71876
65061227	69907
86472685	73997
13722243	74084
21413269	80767
57152099	77802
73799614	81034
94415706	66085
41574728	74308
82882772	61170
81062447	97026
79013858	66180
67072449	73773
63720722	76761
71382481	72589
49012757	73198
6651546	112459
30791425	91607
13787783	77763
72725721	77357
58227264	74553
33225932	78203
50252536	69720
58071524	73624
98805819	71760
6597551	62990
10220640	71938
77175982	73600
60063695	421916
45557956	78998
43859055	147798
57563752	94634
78278890	79189
23735185	60565
99263128	68129
96978836	59998
4529769	69076
67818623	92876
76997972	69654
58300618	70965
70398378	73733
61742910	70397
91828083	66524
77727779	55071
99657038	47387
8219101	48484
49063101	91767
1143005	212403
84034014	72878
49503203	77562
82087174	68855
74271271	177995
97175664	133114
13052946	159812
80371930	823004
98787903	404165
33330823	2366946
96830594	87655
40183172	967121
98677517	341266
37853613	430083
38648892	854376
33190162	683647
56869210	587142
40322952	190183
66197356	343570
11128504	497954
75208979	596432
77082101	239469
24697555	226203
39264133	410805
42536382	293889
82500669	230482
57075612	974281
50208731	1953172
43334153	176081
1479771	151699
39686003	228836
97353031	46158350
2652201	829397
65074990	1707240
51154997	511670
68947962	1918749
72931965	895099
49551916	10181819
25145700	81209
38790941	73889
73274493	125453
46686912	62204
13491523	78235
48053293	88548
63183426	77393
49793327	68029
70328715	64236
38006223	75340
45893999	69150
41006145	83001
55622996	80839
87779447	72950
29024988	73556
74322287	58291
56969919	61811
17991444	50197
31082003	454442
6834999	77996
14500392	70622
65877070	76999
41082533	66161
76439534	60401
34075004	64840
19750902	63408
78113371	117558
59197161	84427
35892457	67246
43494936	63670
51403177	68066
37247989	87650
11528774	68030
89562055	66744
90034937	57852
54283042	51847
68062746	48571
45915198	67734
77241547	60087
33313558	70036
29035972	70750
16394275	77992
85242435	69399
2653533	72908
55692819	1197176
67585530	97792
89466459	62635
54358518	198793
25036801	1001874
39723084	1245122
8638650	1636320
47277458	1954859
67448098	1687094
47101258	6532041
69501415	73888
46687742	71538
45822266	58998
57845806	57869
19444159	66183
83548375	61615
39220137	59467
43368569	65319
63581802	70195
71849385	58009
26520821	52679
63187565	59145
57890928	9777882
94108098	234337
50587575	21785984
10518594	52357
91149617	70911
97500204	816854
52165980	481466
86765900	86271
97805814	99272
63036266	78975
96893441	75250
3864356	378983
315863	92453
31885702	74621
43027357	134340
71103378	118560
30021974	93435
78710691	87483
69607508	85960
78203986	81304
72871573	184533
6231168	71489
93230177	75001
47920959	434750
91564119	68504
56188409	75241
64640356	77331
27965025	76266
27735155	76872
12851079	69101
10265	82324
96188324	80096
14805499	78379
16325443	82675
9043343	83159
19767173	78457
75266791	80431
63033547	76508
17542590	71314
16295221	78062
8530947	128045
42122237	209586
57252948	216443
29764092	158070
5438011	144940
29980101	52733
97116715	60457
1448364	55048
1741256	55054
75380873	80381
26285210	257097
62389599	1043737
77939680	339924
60330118	214402
59185421	101307
87089824	306964
53918766	253260
68490223	285541
34516217	1419502
99356394	929002
6868971	205170
99466267	221374
41142881	500484
74714487	304724
78959162	54814
97461634	59948
46784259	251640
22247703	48229
55109066	106413
22356264	231032
10724747	48699
75965192	73393
92668876	69345
16527942	77039
12372148	2666447
29245659	2861768
88665003	111374
2006174	607199
42862460	26054211
68145404	963536
53130331	132492
49742571	121296
46032899	86827
51259605	96462
32390562	89044
65628630	104678
98251652	106974
52770616	95540
50716074	98989
88116090	91821
2980203	79827
60994395	112356
82227761	104737
84826429	92666
21956870	92512
9756429	89449
79757488	88536
55126469	92787
66371538	93590
21891628	278655
6137222	1234489
2109352	166616
19472236	1333286
34535457	1163665
13497143	264212
9537084	167979
51540929	235523
46002272	236792
93748453	175843
63656474	616059
84986903	401069
38904899	202767
60626022	2056500
9489326	57799
90332914	48842
29506098	48808
5272292	44281
88025381	51246
8455410	51914
16597647	412061
96935787	56349
92477589	49623
67416835	179048
75658056	94492
37928543	50312
94252673	45626
93298016	44106
42829211	43683
15709904	47489
60444334	229109
68937998	45932
59099743	72582
91108135	151986
69206761	173831
79729502	379648
42117300	514240
97580385	231636
10846966	1117034
62408300	395830
86139495	778723
88531621	392189
43025433	479118
44979620	435350
29744496	494064
94457752	645166
32145567	483311
20702010	406886
37938829	682204
20822607	58980
23240261	60390
68607825	54579
87246015	56667
38318992	53445
64139853	57661
64632658	62303
86602154	64396
608666	54006
31954327	55861
87116870	70521
36273830	85052
57590172	118815
39898452	99231
38181966	94224
20470691	93015
46665157	192138
19944524	91647
15715520	63272
47769007	65770
1218800	101355
95327574	81132
51633035	81324
65115987	73752
62462424	68822
30159073	427431
52916614	77997
20675827	348053
29555582	1268111
41303953	170967
17693917	93494
15750266	72385
28065941	88786
36516116	77633
93066854	384339
73031320	84640
43157703	71735
78088955	75843
92162831	70742
48290307	62351
17586679	68026
99519969	77883
12343229	72995
13752017	67218
95207412	77961
68110952	66057
73365105	66134
61590198	59957
30836227	54140
50359162	57193
61055110	344177
92417903	65725
49810220	212359
47366616	143727
36267911	283908
52758191	258761
25192875	533318
69207843	1045983
85507091	254931
90394693	650865
7210279	498540
46071803	723038
75053303	865300
31030651	360757
32768010	344488
65369144	313420
81548331	821866
65054470	73918
69978842	52879
90554696	57193
73577660	71058
85234774	79107
52516268	87198
68107301	98537
21574548	121224
99074584	82586
50523616	82639
54420487	81420
80483674	63754
59260085	67192
69153793	67595
42071259	80151
17364975	79356
99472685	116385
21968984	71925
93405218	75822
74907733	82364
42725935	65343
82233504	2890008
74948753	79404
38101814	88458
98555059	72603
95496974	77181
18856830	73751
52590631	67902
15189088	59612
96382591	78323
13769389	69729
15358462	71149
97338274	66819
62924317	69503
70844896	75775
92085956	66628
30388696	74732
22334542	66051
63902121	73232
66598828	85759
58422884	85611
85460792	86424
6557644	87735
89001843	73168
65302030	59096
23688962	59287
18164362	61343
52981613	62890
66892962	54341
57936290	62291
11785544	78056
94524778	82254
96375075	80429
34649601	70853
23227728	78262
97797070	67003
95056708	67853
26983961	48848
9098213	84706
3728513	84669
69341341	60633
90083325	78521
38315154	80741
1427000	77657
32182925	62208
42799966	55231
65155700	51362
13726422	43603
58744726	53199
25692934	58430
62900523	86493
13343915	72563
39302041	61703
37442722	60717
15010909	59615
37273674	70948
63606701	55582
92286698	46686
13318451	49405
10472598	69034
2605918	75535
94085065	106343
75460059	347888
88575623	83001
40132251	70823
19711764	668448
6499592	948917
86508514	3089181
20623387	95436
68588414	77252
78452240	88438
42390763	88524
2378393	182502
66907662	97450
17181184	74273
1069553	84640
10580927	73151
6411172	104296
88952031	80369
76406966	69249
92841711	73176
69458026	58604
53705331	64527
40633022	55123
22297262	49808
95070698	64640
51640246	57000
54706388	199128
94272814	465767
56946951	88588
98046162	89973
52321077	77973
94304086	80320
59029852	68523
13183153	74516
77214914	74785
79170093	76655
21240826	80310
76452830	78541
74705789	74029
95508456	94359
84864699	73842
41913038	74189
95990186	80662
28325071	86756
83828666	80081
76549271	82639
54538495	2829075
89850193	85979
94455868	60893
28494253	63085
41749361	64658
9541460	62939
88887034	65634
47209536	44483
55667045	74759
7772095	96633
55191642	90812
44568769	89523
47996636	74933
77659603	74737
8146798	65928
99274664	70773
3464856	63018
45719257	66655
93165438	64890
47947212	78833
93332064	68881
57415165	69372
74562173	49794
15912287	55671
89138368	65528
3167538	69242
29560077	53814
38088978	74079
4011258	119452
11552706	75796
20934989	79975
29718755	164979
98329273	101605
44447568	90200
42991527	97070
69497605	64472
44570728	60985
42234452	64855
24336838	96560
31186677	71818
81380395	93600
41743822	79797
13754583	83306
75426481	85884
72620003	83087
91993565	88648
10181775	87508
28771565	83088
8644435	82418
69415237	78105
35184892	92939
12078767	92782
76098719	73128
53365791	75084
86219279	79541
29700220	62114
41016853	86650
62604218	65547
47238616	81369
35976660	90592
21977008	89060
31152692	74949
2099308	77910
36335161	85837
54009980	73219
7100636	81711
87553066	89929
13113608	88828
10508819	87311
56365868	87507
20963846	84359
63989208	85320
22029093	78457
36669835	80306
48181246	98061
110939	91123
39501905	86566
38253764	73702
72461471	84598
58750827	81750
73208439	78226
6663696	79066
84169601	65854
22972593	68674
95288644	74744
51435479	63323
22577469	77724
43481708	105876
57078860	57289
13376127	60293
42892697	178384
81631080	233736
23750007	1046524
54916255	798660
48586051	144023
99377563	290807
15664937	453772
24243222	1061965
78066442	933507
95446509	631271
91511418	462246
71627633	201559
47863447	105943
40524957	78890
61039972	69448
2628761	67212
8571647	78044
94051277	79291
6748110	72179
82004830	67496
60281058	68780
53814833	61957
64404862	67090
44984550	66560
71565029	1382943
94277525	81817
48761996	61220
65648070	61643
31743195	71809
1610668	64471
3171511	59249
59663301	84671
69978766	77365
23616993	84802
24880605	68107
38153575	77661
71605734	59468
64589122	61182
74552387	55930
15895031	63438
66049190	59962
15536241	60756
39674706	56487
81573684	63913
4427034	59606
98466936	54544
47767772	54546
12355888	57276
4351848	51960
61202877	56302
84435148	61387
41883111	59986
87153417	52782
17738061	55810
49021438	78812
62636258	71808
21179024	61198
67620550	80708
128091	100553
3642691	75697
30965520	99569
14222321	79358
5659165	83564
66198464	74468
54564232	86483
1547449	90846
39846082	91216
32828897	106341
64419331	1417424
67032135	104793
4342251	87132
92595404	76129
17741170	407047
56885867	439666
92359259	1000280
12462280	889206
83218985	1878623
10762623	93178
16754127	77381
74957518	72284
93989246	61653
7440537	48989
8526321	43684
28609843	52780
92011231	47044
71380736	50591
91891446	41588
21195889	58424
91463697	48770
97120064	57523
52964734	64068
72287377	50148
87109291	58383
7795172	49389
71193676	50014
60080260	46777
38866572	47822
77045527	59269
33049489	59050
40163269	51862
32405828	49359
88863764	49103
1956868	77447
50579850	56396
17485169	57005
85994092	53041
22904711	62378
5603530	53523
34988499	47913
37506490	62144
13045345	50692
84986201	58722
58187013	71274
12703472	64685
32860998	74043
54847000	378766
78137188	63121
60639807	59961
9270097	57428
54462699	58643
97407247	57411
62314401	55180
85618234	64842
60110141	60227
5366440	58412
19252149	57744
79784315	56190
20347257	53115
30770477	53862
53043422	60117
83811447	58334
92787310	58105
4124536	56031
70736072	102052
67311722	103046
59140988	2129451
26540991	107301
92181346	120318
58883549	82187
68885936	77129
87893523	81662
84248866	77586
82979279	88136
6490964	120444
48839197	92745
95144041	88892
23924271	92956
28373105	84835
70555784	76544
89972490	81179
76425671	83110
20404995	66246
81216903	72185
39310402	66972
44788277	58776600
60272659	68214
68626791	73751
60611258	88940
68714532	114116
92229702	191385
27922463	226492
453675	772887
46631831	339994
58814339	290760
93627043	323967
94522605	625640
22608930	88402
33384374	71186
13891805	941977
55951503	599188
21205027	397777
17876097	888193
43529637	925218
46632904	606952
66274920	386847
60948428	554937
3148417	91116
63209274	67783
44054566	83482
95595325	72098
59038376	68364
72276717	65117
18401977	71318
57563391	63690
15554427	63980
80983814	73872
98728558	62788
30477363	66228
92504198	121070
19390342	88460
19150304	60626
5221199	72018
51307385	64107
20646341	64394
70383262	68565
49746207	65386
35136994	103162
5812041	62975
88693681	68402
57785912	64945
13805978	61711
63781585	1155442
78396168	114925
66360453	105536
84481248	112070
97336965	101399
32989170	105119
312937	94149
67522672	89619
70314094	90513
4964300	87082
56625021	92777
45483186	106363
92841191	74173
79945881	69493
87405319	107628
77237243	60855
21163587	73107
48901080	99609
69118002	86851
9520052	95961
94114737	107451
51154551	87774
6429411	84334
10071600	84621
65670328	104233
18169705	122313
64808638	83655
35758688	84639
56918455	93310
51230858	84050
62961477	74896
87911744	84994
38219366	74541
14684889	85273
62954543	64558
34499231	100851
97296809	82687
1026698	71071
58900726	93385
67696384	60337
39797362	59573
13225704	54032
61071155	56397
45696387	96033
65198981	79831
6532964	72727
60787149	1362311
52618239	62025
78180468	49417
84002045	65877
28324937	128076
82429511	80758
79822542	70871
98578911	70112
17529319	67974
15332969	68551
13340403	64538
3149478	63348
90483666	70361
52756044	51711
16879803	67011
34280985	65604
11163020	76238
13805781	58438
5116047	65909
68812174	68459
52636838	62798
87917925	389275
63737277	1306122
98339712	682273
24453528	292544
34889709	570122
57479505	123509
19557680	240187
54671180	74273
83261047	5612692
22353040	122679
90925297	94959
13343226	81878
68262259	78958
81325489	80386
72578831	77422
83744190	86490
19613205	91061
51756621	90674
37259287	87143
28921672	69120
46660790	69610
41111715	72903
51482762	79323
69497043	76304
78170108	81371
164427	81472
80959190	79531
85411596	87267
58263794	79848
97768106	70266
5037587	94438
28092666	74088
21138655	92585
41968310	96455
29025249	101421
19548241	80175
33152509	85689
43762309	85037
53897118	78723
8809826	79009
68802580	73526
80744724	73675
25615278	73850
2267031	68628
33761110	63787
68877258	73216
25756175	71291
20234503	73196
32922419	63412
20686147	55969
15149646	52147
39742804	51011
93960188	128964
98522878	66914
21682288	70272
52562576	149876
65822855	85738
49138461	72557
50282039	70123
91474656	77067
12577127	77439
27042398	72947
9131107	70785
82326324	69577
18378823	67145
64830803	60391
74031522	71661
5031103	64588
25693673	70761
93113111	73814
32260461	78715
75210869	76321
99808739	76989
21728433	78029
77241211	51067
26748642	57338
63797229	47827
48909610	48087
88242059	55625
26005981	57016
9213100	61460
85895133	76331
71374853	71410
14909831	66262
7174658	68498
68185816	62150
15180529	66873
37377514	58231
24622946	52531
51854965	58040
85411789	49866
35040778	49778
321616	48655
69636770	53196
55406256	51646
52606148	49780
75233682	55822
72095783	59596
74411524	57008
38775562	57167
60684249	791159
36662951	76583
27409242	74811
32478953	81977
16587287	64502
49143019	68457
34365332	73174
2036486	63102
33214697	63050
73700554	67969
43598249	63773
19912069	66277
40082729	61124
89922255	62512
57317488	147477
15264108	67463
52834881	71834
22885361	65435
96383261	68017
338311	76016
76584223	84996
56094748	79173
82653543	71666
80656260	75655
7056072	211294
13012913	229674
46716133	129308
24587000	98347
37302587	93260
5373926	108996
93507075	96398
83807331	108006
21810222	99486
62346926	83908
25710976	141695
65520951	82712
43917222	89275
9054254	80643
34547465	120666
20238339	122690
92208092	87068
8174263	88002
69305317	104475
6854527	88027
62211060	97801
33019878	84765
68024411	93750
88182433	79880
50310526	83716
91481255	85813
6317913	86252
97349007	78769
28463356	69947
15819362	72826
58031981	85044
28123177	66169
96121214	68056
32673878	80936
12777248	72462
78263469	72240
51925335	71107
49471817	4667556
79411534	71389
65940238	62674
33118983	98931
53192203	471810
56800874	886419
84318712	991024
38508689	334917
45359	1355271
33283855	2073913
17683588	1794370
84281596	6502715
44693227	69449
67505122	50138
15864043	62707
64263677	55089
47417410	56142
31953708	66581
4596349	54158
55693023	54711
1855825	58261
65845922	61037
55764953	70647
38305883	65437
91956846	60390
64072534	56748
24303276	57546
96978888	55483
7373605	55086
78249531	51322
12406191	61411
74418090	69413
94998126	74000
91994352	57254
15697019	57163
92868315	60880
80151057	55704
86086694	56481
77472102	57172
35788415	76597
44362817	61535
16989994	65025
49556320	65905
5072303	72501
31356377	109264
25440233	73402
85919770	51374
41566866	123167
273645	84889
77911136	52827
79194213	795642
16780798	266899
71116614	252010
48915965	351419
90897455	1084500
72780509	482174
7362753	1096853
64106628	184007
4074294	1224908
41854084	597202
408515	762163
37329457	296107
71658540	962466
35812955	607934
57952023	300841
7489203	371208
91632708	387396
11089588	215054
14997923	49536
51705181	507544
54956838	350115
31249988	400712
47433453	217618
6538802	1832944
26057983	1159800
13521483	130771
48411795	3645279
48021911	242648
77881014	65421
14410221	52507
28145005	951076
91679702	88066
98969369	201365
99035305	1303223
53952677	85826
84529535	289362
87799638	1025993
50580095	83240
41777994	1548750
76961260	85661
2104702	107601
7061772	78694
22704496	70145
8297736	63720
73390613	53469
87128446	63828
266150	63023
85748719	66802
15399788	73496
77764629	67108
66102805	89550
64542805	60118
12721338	53551
39781547	47009
75192801	70965
15136662	63270
84533832	61440
30002097	59218
55543217	64894
32127404	60076
11636345	57614
87491696	65880
68276381	242021
21200556	81637
84697146	63845
84136912	109327
57592667	56588
85887530	56518
37422719	83074
29332365	78930
93334202	70250
26116764	54670
44522792	55653
3163464	49866
97708561	54213
35483498	61060
64747671	59189
54609317	57097
65327783	71422
58383633	61048
27261871	54909
89003727	56988
40704590	55082
49081666	677462
60411785	70947
74117903	66024
60844508	56873
30930578	53378
98287173	56304
36328370	66826
93254741	62322
47686331	65465
1199431	54109
17393980	53973
53365727	49321
82761385	47902
60961787	48690
97191503	51226
36483908	595635
47382204	285116
6048798	218525
47489442	91954
96215754	137019
88494185	356560
23000146	1531623
97524482	909765
59800990	333537
26235017	1206371
25064494	842955
54391658	997200
55680937	516901
24919593	1284425
88507616	353640
6067200	394842
42343664	152750
17782899	302120
43831509	560195
6564801	541854
43901876	524310
68153246	125161
16595713	320758
81164501	18594821
82228814	67479
13883125	66968
84053585	64087
90120453	65838
46943971	64286
74021819	62466
42758727	66611
6234817	71719
37389915	84227
65626590	53768
89301851	62641
75724310	106284
32436757	1172332
59220524	291218
62741103	103635
54474688	260819
48594848	570073
51708470	1040643
39258092	79319
96211222	72177
52992836	402175
18434782	68836
44887306	59904
54990313	69464
80667611	65840
40740434	81937
2450884	80020
37697435	74986
75993637	1950381
46873526	71932
39564080	74967
32376646	64437
6722593	68401
22451891	100055
97006138	101372
45940316	87766
71872891	91182
49611320	882472
73484215	86255
38156402	82725
32568247	74858
58237579	68657
44251327	71733
68294837	67310
67626780	74319
30627766	73463
72764804	73273
26462192	71541
11304981	71501
40849123	65039
24936614	64404
62807224	61226
12474463	70145
98244352	67055
85643184	80062
78051244	71402
81209181	73798
598700	72436
61346608	74041
186865	70070
96470150	75214
56622244	67874
30590091	62167
77061307	59794
19627191	105181
72956479	60553
38828202	55474
46562860	541439
64980716	215320
9725274	212385
37098411	324745
49793969	475912
44508510	921867
79270034	569393
12913566	830414
83746113	178471
16704456	460193
30059288	1451223
77706610	213573
55787121	1093557
83042927	96476
51229716	1041642
84945900	2240173
11672886	2598323
26746547	239538
11880629	246147
93766459	427551
33088796	713384
31963319	71589
27408595	70010
84714288	1042645
56480467	74194
96957984	63518
9232840	55389
38152061	55820
36176480	53633
44819798	51265
60663284	53416
79717800	128020
44631149	248896
36591234	200105
61773786	131631
2655864	73798
50918433	71418
21667627	678333
5844480	227845
90422099	667347
40213217	63040
99358705	49768
22876739	52280
8883607	81353
65009510	63777
80686636	62083
17099584	172146
71465392	555742
81464385	1072639
29412948	92043
23645532	71478
72301079	67636
84206326	67885
81616816	121211
39343554	92310
42931041	85618
59751571	82524
50593038	92817
28714831	80588
48798407	88343
69101543	1200060
43120352	108360
49170751	90092
5330255	95281
60061050	89874
83337667	3103217
17849477	91002
19373034	82310
24601131	76157
26391999	454099
24125229	2689699
86983123	263454
77414787	324478
26543580	329427
46197414	527932
71696166	298891
53190927	73013
80027506	88869
16188477	78738
76071114	79374
15826144	143233
25197891	117333
76831588	78179
2437256	64477
65599220	65497
70544339	88565
27244535	86039
27168629	77087
80677931	90896
44959322	80881
47689359	90492
40185330	82112
52924890	89854
6102659	99532
46354306	88402
7865540	93513
47260988	93640
20282005	84412
70518039	100638
40166969	85463
53216705	245532
1785039	910448
87130102	534163
28856579	1002400
20477599	422236
29733795	361670
22373524	1287175
511534	247051
80674867	59999
19662709	1244729
17082524	301897
11721823	497606
55814471	866906
26495307	192061
58717826	842884
27927418	1059434
47628145	346089
54146262	161381
9172844	48653
19780442	219751
46055074	196511
12123984	1610962
40853215	16926458
94154213	92235
63029267	65766
99774569	58880
16035856	57836
28345795	57556
68845678	58102
4685804	70133
54242176	61005
34418651	65985
20355953	61454
1553353	65728
89670257	113550
71689317	90573
68111875	88934
84992095	70160
38031510	232070
21986379	144630
50199772	88477
43901832	90159
3895478	72824
3305916	87071
40247983	86075
22411346	88415
45200922	87784
49778556	83920
51425275	349694
82690469	2248344
91604405	97837
89291447	82598
9751412	85152
40329015	68256
87641213	83690
77213719	67261
72772654	76823
79434463	111154
96902614	115860
37959931	170283
70110762	627004
22947174	140106
79622920	111173
53715196	116667
27190775	129375
97269322	115868
9040573	107438
60006164	91506
45702396	85147
32678534	88902
70781023	93368
67446142	88019
71510279	91880
36650649	85634
66826055	88425
5933803	79074
73047599	76676
79392072	82700
50159869	81074
44476088	89284
62151923	206702
66961395	251200
3675231	197175
56014091	229169
58528563	929468
56434828	307134
56866469	247678
59246958	136617
86131789	105409
42088471	97632
45810085	80892
56647012	80797
83129242	78894
69566193	85379
30459584	98341
70249933	87703
52218095	97069
87688788	77226
28401747	67764
86382545	50885
64735195	906165
89441670	466920
20108214	267848
57129333	1019997
84426480	493476
31263609	98848
20639923	1465886
94717536	1140372
59013201	117819
42582730	456038
7604287	451175
49033235	2250747
70101298	19664508
66781863	50399
7670647	59878
50839609	70701
75034645	60833
9713094	50904
79639913	58720
44829557	73691
53199110	85752
66909220	62581
95883139	54174
42467	43443
81419266	45438
14255593	60466
6676161	175511
29289597	236719
79630887	64246
76337057	62730
88987511	61707
97177261	195936
11255459	212284
21801762	89564
37967864	68363
39049369	66238
34483196	319238
8073668	153336
83988427	406460
74464577	392246
66957889	300958
32926735	90489
81650749	71623
99656055	57752
72185683	60197
4177589	51294
38617053	53040
33782565	57930
92443511	188020
4998085	621581
79491360	131042
7218030	78918
48128397	80476
44126767	134047
31379248	80833
85513780	85276
23719792	83437
8698902	100182
93505326	71698
27848300	76114
81904103	82360
34093337	75878
92755632	521570
3653990	76224
50482139	106652
13525274	58620
37903448	58361
2493248	66332
13199834	134180
21591507	97361
55966813	78382
82345330	75375
81067930	85711
95022880	82381
55858549	70082
11831434	84191
94147166	76112
3005447	83426
47445241	76339
29768400	68981
75441152	92900
27210942	78620
65649256	74897
17711800	76363
47806526	73647
70205574	75998
1837852	73352
28520523	57020
485320	52898
69454633	59507
99503693	54720
84559598	69079
2499943	81664
61840309	79425
29223745	68489
30343193	939017
98786210	244920
21773178	147564
32142569	94735
84184642	347073
56972063	758092
75137679	648625
79158550	1003279
96757516	950574
67704217	263942
47321727	1138002
47280442	693044
90623356	1065583
79059114	364680
30933790	292057
98435905	402882
32669243	420531
8571206	471795
26218526	76399
25182578	61647
35697713	80129
99426737	63181
77299262	394151
91395233	64881
6259191	71341
77136118	52589
67607819	64104
61430407	54246
35663431	53970
41456017	49990
24266850	56288
78685529	81446
58534916	88834
39469122	114792
97448411	152686
9996219	115760
59756500	79460
43143136	96642
85471562	87104
5139324	97931
6545935	95163
92503687	91554
16860896	128870
9264641	97847
28576008	89437
47116865	108382
59178865	124213
57085556	87129
52910588	89726
28733151	99942
19313620	89492
89298320	87104
74173078	84518
15999622	87871
67580420	79668
22266879	85844
40431468	78623
44995292	80873
7286380	83030
83191772	88598
39979903	108528
86337679	242790
72392356	282941
23837639	273861
14541508	246782
75725299	210098
1926487	236482
55450778	242789
38708082	184925
79538043	240248
72559548	124120
68853384	96981
41233626	112545
25183654	76805
54692288	71982
23915968	81200
86287934	85803
42951774	74562
86731414	75144
75297711	72398
77598581	103000
83690584	130620
4584214	59425
15628926	67042
93488341	63870
26316949	71274
79496691	72821
89533849	69734
61482412	63566
61567261	56484
54642437	70213
35500885	70934
34873003	120030
39088804	86012
62896675	91342
59191397	91286
67371226	96173
91012580	84174
80480646	84150
88241390	96120
42369662	71305
72610898	64574
57734392	99655
88081911	43124
32839409	66197
50248011	1415093
46499664	432713
92347371	1101956
9939764	407269
33712822	1691079
74093784	441884
35962003	346243
43791170	388538
72433283	262793
42776863	235550
19016128	309678
82234279	677770
26733576	1038672
30556098	115944
13199755	221965
62100363	299959
84435199	263035
76200860	132626
69206859	75594
55162298	63553
89893478	64764
64467248	69755
21985570	55417
82236842	71660
94419590	72577
7096419	70005
99185566	2539333
39684226	72475
69475975	68867
83577537	79772
42137435	20369468
53136304	364137
12200531	329892
8032520	436607
10700002	2360806
67734658	114515
46769314	118902
21669288	93974
89072315	103573
39327341	92855
28204466	130346
8272038	85705
3333505	90595
76148535	87843
68344766	87118
24421354	95794
38115981	91825
32935730	267333
2258558	67090
60545077	75432
53218852	79740
8778153	106996
50519459	88822
89189723	84072
98921285	130058
47273454	111331
40981411	144250
97406668	73662
63298893	98880
55978420	100033
53807657	94975
44970696	108574
5649013	94819
4413116	104316
33827255	454024
54238237	120375
23375017	80903
73792070	75469
57688415	66699
92383039	62644
26764440	64140
35300897	147298
29904973	100896
60078399	154266
52597381	91909
99802059	77082
45687031	79154
63419168	78267
47911002	76706
33359244	83718
7242440	78439
67241464	77295
46966213	131399
83990330	205061
89740500	211100
69767924	260999
17437432	103845
70344668	107044
43042068	122624
80998466	85426
75114784	96669
18909591	117590
43135883	88860
77382245	97828
94316954	91412
43874846	101470
16026679	77052
74908574	93332
66536523	80757
23289012	97399
90669339	985161
63329802	1407101
71126192	851983
46948857	698081
36460112	1445017
40227382	1726238
68235724	295348
45364019	131102
15437763	252520
39543562	421661
32928980	518636
75979392	61464
88032894	80227
57039133	53030
68267598	58850
45315967	66285
78038490	59118
31463214	63653
84800708	2391115
12357106	168432
59614563	72221
90597363	58948
13126292	54734
45820358	50754
38477120	61764
58213176	79438
74009895	52966
37839483	54827
95674927	60787
47525996	195408
32903644	72057
78978882	59515
59905918	56364
58534933	56361
85671020	57062
16476253	57817
85619213	57212
34484230	116619
31433506	169357
25214432	145411
51255907	84553
60961378	53767
18462910	59138
75158260	75244
79866624	79829
7705585	59601
14826080	192725
67093601	176411
20137601	175246
89343222	552141
49366863	608535
64797854	68277
1034265	94357
50436551	52087
74961418	44002
10750662	54748
1073953	50900
68040254	53671
44153314	248208
10795285	992540
24250502	8131607
52776392	149570
453627	93446
64138975	106975
73398698	114576
95875349	113203
61412214	103043
53278857	128569
49581624	78252
11019205	79807
82529809	87784
5840524	97107
86183407	72119
85054867	81167
4944818	73520
84527568	87823
13908260	104446
96751114	73840
65325036	93576
13425740	92786
81471110	75072
5118482	100061
97260521	136349
53158358	81080
72028446	89991
90423838	84520
40003306	78435
85695886	86379
87886009	72102
57409239	85431
25761545	74016
64347022	86912
82033799	91090
552656	85890
6698795	77958
27924525	79683
39587172	79611
89787469	81586
48623441	85415
80645316	86982
52245575	524791
66971398	467865
93735938	2983980
43746006	58047
84581640	233867
26512042	2672584
21667690	1567786
39739290	25098864
36989995	68307
68300638	72563
91626586	65542
51510047	64008
84865324	59306
23624604	59462
11637598	89415
84228273	62125
31927470	58097
57938489	85553
50315129	88883
61259432	84754
25853284	58362
31393381	78862
41012119	163490
58154366	63990
95054039	52377
24183731	61945
96792683	94593
52850584	145431
43110351	126238
34872570	239154
1475317	168498
83465123	126566
41373131	66152
83565411	62944
59515698	108010
61872609	173888
94823693	89115
42520069	218438
49822064	266977
67658064	223842
39368364	256677
51481046	692662
69649730	546428
69390990	73749
99445157	65876
74207066	69053
54208193	63309
50092843	65893
68428634	248151
10715447	166890
5172153	100209
38044410	73185
34342526	76195
39100991	172506
46264750	69744
39565947	90085
6861180	82162
91422532	83781
8263385	72110
11225320	73977
71803912	70483
95530896	77040
4987981	82127
49183122	81416
24323784	91447
40784367	81397
37544434	91415
16950634	70854
2385099	78500
3575782	72281
77903111	73449
30314108	80123
8821918	71740
24354911	60035
25873507	66162
73535345	52966
29229297	64195
19824735	70906
50027551	68127
65157130	65341
29718883	152776
95598029	88465
5013455	63125
18361770	237259
74978652	224404
38497	232621
89669172	171698
38051531	64101
11494180	391899
44543671	693177
80757700	280677
46513019	193871
77153626	207920
65922180	206806
58234683	281479
18826740	253571
11638465	252204
26367323	258295
55021870	95224
50341169	74662
38357463	1061386
52219757	605982
96519207	232729
80154346	331593
73353237	503227
39976258	567882
22915341	1179992
59230903	63099
37913622	83740
12271879	52295
34757642	47040
22519315	56648
79870716	52337
89858608	87171
47643339	58518
32334157	63832
84143971	57705
11057932	517565
33115279	56533
48686833	53175
80120983	55590
78483342	68275
38784740	81422
84443129	59845
19349411	64812
18181373	51239
17132931	48770
36032156	98124
16641202	61441
86926236	79161
67432506	63629
29049251	54849
33577826	60087
38421035	67371
65405663	202979
76242006	122856
19210135	68525
59073404	70394
51435682	275928
6893559	143404
24679279	138779
73208634	203591
80768630	745108
84391098	412981
22388965	224337
30676674	72090
90327195	64960
3903492	60773
84615627	63894
15771559	60715
22854227	77890
11445586	60620
80948867	63657
59195220	62683
61069888	65957
42808954	58736
33450413	455500
91195564	49090255
83904839	111780
14852898	63701
1100993	61840
23006374	63343
28660512	68074
79642103	53746
72519530	56233
54088248	53765
20112031	49093
92392675	63052
86457822	60818
59647394	60016
55246667	60377
55362631	59151
51609510	56822
55093258	53648
70182035	56428
17430934	56074
95398873	53924
29347612	74340
92725650	57154
7307062	70103
41073988	50579
76467903	59035
69501	66080
23876113	50127
93929359	53700
30649886	54378
33668602	57477
54648302	63784
7092106	65322
98348012	87209
56144032	87194
72132780	73035
88852517	57670
36757568	67892
89857849	60602
39936594	61348
2757940	58078
18398330	56209
83146596	49369
56178944	56141
